255 255 255 255 255 255 255 255 255 255 255 255 255 255 255 255
255 255 255 255 255 242 174 136 137 174 242 255 255 255 255 255
255 255 255 252 137  56  98 124 124  98  56 137 252 255 255 255
255 255 252  92  90 143 155 160 160 156 143  90  92 252 255 255
255 255 137  90 139 139 154 172 172 154 139 139  90 137 255 255
255 242  52 139 140 141 118  59  59 118 142 140 139  52 242 255
255 174  94 144 145 124  86 213 213  86 124 145 144  94 174 255
255 136  81 103 102  53 186 253 253 187  55 105 104  82 136 255
255 137  68  89  90  60 169 241 241 169  56  85  86  68 136 255
255 174 158 255 255 237  73 145 144  72 237 255 255 158 174 255
255 242  80 254 255 255 245 172 172 244 255 255 254  80 242 255
255 255 137 162 254 255 255 255 255 255 255 255 162 137 255 255
255 255 252  95 162 254 255 255 255 255 254 162  95 252 255 255
255 255 255 252 137  80 158 201 201 158  80 137 252 255 255 255
255 255 255 255 255 242 175 137 137 174 242 255 255 255 255 255
255 255 255 255 255 255 255 255 255 255 255 255 255 255 255 255
255 255 255 255 255 255 255 255 255 255 255 255 255 255 255 255
255 255 255 255 255 242 174 136 136 174 242 255 255 255 255 255
255 255 255 252 137  32  43  53  53  43  33 137 252 255 255 255
255 255 252  88   2  17  66  78  77  66  18   2  88 252 255 255
255 255 137   2   0   0  62 109 108  64   0   0   2 137 255 255
255 242  18   0   0  10  51  29  29  51  11   0   0  18 242 255
255 174  27  19  24  45  83 212 212  83  46  24  19  27 174 255
255 136  36  45  45  25 186 253 253 186  25  46  46  36 135 255
255 136  68  89  89  60 168 240 240 168  56  84  85  67 135 255
255 174 158 255 255 237  72 144 144  72 237 255 255 158 174 255
255 242  79 254 255 255 245 172 171 244 255 255 254  80 242 255
255 255 137 162 254 255 255 255 255 255 255 255 162 137 255 255
255 255 252  94 162 254 255 255 255 255 254 162  94 252 255 255
255 255 255 252 137  79 157 201 201 157  79 137 252 255 255 255
255 255 255 255 255 242 174 136 136 174 242 255 255 255 255 255
255 255 255 255 255 255 255 255 255 255 255 255 255 255 255 255
255 255 255 255 255 255 255 255 255 255 255 255 255 255 255 255
255 255 255 255 255 242 173 134 134 173 242 255 255 255 255 255
255 255 255 252 136  40  57  73  73  57  40 135 252 255 255 255
255 255 252  92 150 198  92 102 101  92 195 150  92 252 255 255
255 255 135 150 236 236 100 127 127  97 236 236 151 135 255 255
255 242  73 236 237 214  70  35  35  70 211 237 236  73 242 255
255 173  90 193 183  93  81 212 212  81  92 182 193  91 173 255
255 134  47  60  60  30 185 253 253 185  31  62  61  48 133 255
255 134  65  86  87  57 167 240 240 168  53  82  83  64 134 255
255 173 156 255 255 237  69 143 143  69 237 255 255 157 173 255
255 242  77 254 255 255 245 170 170 244 255 255 254  77 242 255
255 255 136 161 254 255 255 255 255 255 255 255 161 135 255 255
255 255 252  92 161 254 255 255 255 255 254 161  92 252 255 255
255 255 255 252 135  77 156 200 201 156  77 135 252 255 255 255
255 255 255 255 255 242 173 134 134 173 242 255 255 255 255 255
255 255 255 255 255 255 255 255 255 255 255 255 255 255 255 255

255 255 255 255 255 255 255 255 255 255 255 255 255 255 255 255
255 255 255 255 255 242 174 136 136 174 242 255 255 255 255 255
255 255 255 252 137  52  94  82  68 158  80 137 252 255 255 255
255 255 252  92  90 139 144 104  86 255 254 162  95 252 255 255
255 255 137  90 139 140 145 105  85 255 255 255 162 137 255 255
255 242  56 143 139 142 124  55  56 237 255 255 254  80 242 255
255 174  98 156 154 118  86 187 169  72 244 255 255 158 174 255
255 137 124 160 172  59 213 253 241 144 172 255 255 201 137 255
255 136 124 160 172  59 213 253 241 145 172 255 255 201 137 255
255 174  98 155 154 118  86 186 169  73 245 255 255 158 175 255
255 242  56 143 139 141 124  53  60 237 255 255 254  80 242 255
255 255 137  90 139 140 145 102  90 255 255 254 162 137 255 255
255 255 252  92  90 139 144 103  89 255 254 162  95 252 255 255
255 255 255 252 137  52  94  81  68 158  80 137 252 255 255 255
255 255 255 255 255 242 174 136 137 174 242 255 255 255 255 255
255 255 255 255 255 255 255 255 255 255 255 255 255 255 255 255
255 255 255 255 255 255 255 255 255 255 255 255 255 255 255 255
255 255 255 255 255 242 174 135 135 174 242 255 255 255 255 255
255 255 255 252 137  18  27  36  67 158  80 137 252 255 255 255
255 255 252  88   2   0  19  46  85 255 254 162  94 252 255 255
255 255 137   2   0   0  24  46  84 255 255 255 162 137 255 255
255 242  33  18   0  11  46  25  56 237 255 255 254  79 242 255
255 174  43  66  64  51  83 186 168  72 244 255 255 157 174 255
255 136  53  77 108  29 212 253 240 144 171 255 255 201 136 255
255 136  53  78 109  29 212 253 240 144 172 255 255 201 136 255
255 174  43  66  62  51  83 186 168  72 245 255 255 157 174 255
255 242  32  17   0  10  45  25  60 237 255 255 254  79 242 255
255 255 137   2   0   0  24  45  89 255 255 254 162 137 255 255
255 255 252  88   2   0  19  45  89 255 254 162  94 252 255 255
255 255 255 252 137  18  27  36  68 158  79 137 252 255 255 255
255 255 255 255 255 242 174 136 136 174 242 255 255 255 255 255
255 255 255 255 255 255 255 255 255 255 255 255 255 255 255 255
255 255 255 255 255 255 255 255 255 255 255 255 255 255 255 255
255 255 255 255 255 242 173 133 134 173 242 255 255 255 255 255
255 255 255 252 135  73  91  48  64 157  77 135 252 255 255 255
255 255 252  92 151 236 193  61  83 255 254 161  92 252 255 255
255 255 135 150 236 237 182  62  82 255 255 255 161 135 255 255
255 242  40 195 236 211  92  31  53 237 255 255 254  77 242 255
255 173  57  92  97  70  81 185 168  69 244 255 255 156 173 255
255 134  73 101 127  35 212 253 240 143 170 255 255 201 134 255
255 134  73 102 127  35 212 253 240 143 170 255 255 200 134 255
255 173  57  92 100  70  81 185 167  69 245 255 255 156 173 255
255 242  40 198 236 214  93  30  57 237 255 255 254  77 242 255
255 255 136 150 236 237 183  60  87 255 255 254 161 135 255 255
255 255 252  92 150 236 193  60  86 255 254 161  92 252 255 255
255 255 255 252 135  73  90  47  65 156  77 136 252 255 255 255
255 255 255 255 255 242 173 134 134 173 242 255 255 255 255 255
255 255 255 255 255 255 255 255 255 255 255 255 255 255 255 255

255 255 255 255 255 255 255 255 255 255 255 255 255 255 255 255
255 255 255 255 255 242 174 137 137 175 242 255 255 255 255 255
255 255 255 252 137  80 158 201 201 158  80 137 252 255 255 255
255 255 252  95 162 254 255 255 255 255 254 162  95 252 255 255
255 255 137 162 255 255 255 255 255 255 255 254 162 137 255 255
255 242  80 254 255 255 244 172 172 245 255 255 254  80 242 255
255 174 158 255 255 237  72 144 145  73 237 255 255 158 174 255
255 136  68  86  85  56 169 241 241 169  60  90  89  68 137 255
255 136  82 104 105  55 187 253 253 186  53 102 103  81 136 255
255 174  94 144 145 124  86 213 213  86 124 145 144  94 174 255
255 242  52 139 140 142 118  59  59 118 141 140 139  52 242 255
255 255 137  90 139 139 154 172 172 154 139 139  90 137 255 255
255 255 252  92  90 143 156 160 160 155 143  90  92 252 255 255
255 255 255 252 137  56  98 124 124  98  56 137 252 255 255 255
255 255 255 255 255 242 174 137 136 174 242 255 255 255 255 255
255 255 255 255 255 255 255 255 255 255 255 255 255 255 255 255
255 255 255 255 255 255 255 255 255 255 255 255 255 255 255 255
255 255 255 255 255 242 174 136 136 174 242 255 255 255 255 255
255 255 255 252 137  79 157 201 201 157  79 137 252 255 255 255
255 255 252  94 162 254 255 255 255 255 254 162  94 252 255 255
255 255 137 162 255 255 255 255 255 255 255 254 162 137 255 255
255 242  80 254 255 255 244 171 172 245 255 255 254  79 242 255
255 174 158 255 255 237  72 144 144  72 237 255 255 158 174 255
255 135  67  85  84  56 168 240 240 168  60  89  89  68 136 255
255 135  36  46  46  25 186 253 253 186  25  45  45  36 136 255
255 174  27  19  24  46  83 212 212  83  45  24  19  27 174 255
255 242  18   0   0  11  51  29  29  51  10   0   0  18 242 255
255 255 137   2   0   0  64 108 109  62   0   0   2 137 255 255
255 255 252  88   2  18  66  77  78  66  17   2  88 252 255 255
255 255 255 252 137  33  43  53  53  43  32 137 252 255 255 255
255 255 255 255 255 242 174 136 136 174 242 255 255 255 255 255
255 255 255 255 255 255 255 255 255 255 255 255 255 255 255 255
255 255 255 255 255 255 255 255 255 255 255 255 255 255 255 255
255 255 255 255 255 242 173 134 134 173 242 255 255 255 255 255
255 255 255 252 135  77 156 201 200 156  77 135 252 255 255 255
255 255 252  92 161 254 255 255 255 255 254 161  92 252 255 255
255 255 135 161 255 255 255 255 255 255 255 254 161 136 255 255
255 242  77 254 255 255 244 170 170 245 255 255 254  77 242 255
255 173 157 255 255 237  69 143 143  69 237 255 255 156 173 255
255 134  64  83  82  53 168 240 240 167  57  87  86  65 134 255
255 133  48  61  62  31 185 253 253 185  30  60  60  47 134 255
255 173  91 193 182  92  81 212 212  81  93 183 193  90 173 255
255 242  73 236 237 211  70  35  35  70 214 237 236  73 242 255
255 255 135 151 236 236  97 127 127 100 236 236 150 135 255 255
255 255 252  92 150 195  92 101 102  92 198 150  92 252 255 255
255 255 255 252 135  40  57  73  73  57  40 136 252 255 255 255
255 255 255 255 255 242 173 134 134 173 242 255 255 255 255 255
255 255 255 255 255 255 255 255 255 255 255 255 255 255 255 255

255 255 255 255 255 255 255 255 255 255 255 255 255 255 255 255
255 255 255 255 255 242 174 137 136 174 242 255 255 255 255 255
255 255 255 252 137  80 158  68  81  94  52 137 252 255 255 255
255 255 252  95 162 254 255  89 103 144 139  90  92 252 255 255
255 255 137 162 254 255 255  90 102 145 140 139  90 137 255 255
255 242  80 254 255 255 237  60  53 124 141 139 143  56 242 255
255 175 158 255 255 245  73 169 186  86 118 154 155  98 174 255
255 137 201 255 255 172 145 241 253 213  59 172 160 124 136 255
255 137 201 255 255 172 144 241 253 213  59 172 160 124 137 255
255 174 158 255 255 244  72 169 187  86 118 154 156  98 174 255
255 242  80 254 255 255 237  56  55 124 142 139 143  56 242 255
255 255 137 162 255 255 255  85 105 145 140 139  90 137 255 255
255 255 252  95 162 254 255  86 104 144 139  90  92 252 255 255
255 255 255 252 137  80 158  68  82  94  52 137 252 255 255 255
255 255 255 255 255 242 174 136 136 174 242 255 255 255 255 255
255 255 255 255 255 255 255 255 255 255 255 255 255 255 255 255
255 255 255 255 255 255 255 255 255 255 255 255 255 255 255 255
255 255 255 255 255 242 174 136 136 174 242 255 255 255 255 255
255 255 255 252 137  79 158  68  36  27  18 137 252 255 255 255
255 255 252  94 162 254 255  89  45  19   0   2  88 252 255 255
255 255 137 162 254 255 255  89  45  24   0   0   2 137 255 255
255 242  79 254 255 255 237  60  25  45  10   0  17  32 242 255
255 174 157 255 255 245  72 168 186  83  51  62  66  43 174 255
255 136 201 255 255 172 144 240 253 212  29 109  78  53 136 255
255 136 201 255 255 171 144 240 253 212  29 108  77  53 136 255
255 174 157 255 255 244  72 168 186  83  51  64  66  43 174 255
255 242  79 254 255 255 237  56  25  46  11   0  18  33 242 255
255 255 137 162 255 255 255  84  46  24   0   0   2 137 255 255
255 255 252  94 162 254 255  85  46  19   0   2  88 252 255 255
255 255 255 252 137  80 158  67  36  27  18 137 252 255 255 255
255 255 255 255 255 242 174 135 135 174 242 255 255 255 255 255
255 255 255 255 255 255 255 255 255 255 255 255 255 255 255 255
255 255 255 255 255 255 255 255 255 255 255 255 255 255 255 255
255 255 255 255 255 242 173 134 134 173 242 255 255 255 255 255
255 255 255 252 136  77 156  65  47  90  73 135 252 255 255 255
255 255 252  92 161 254 255  86  60 193 236 150  92 252 255 255
255 255 135 161 254 255 255  87  60 183 237 236 150 136 255 255
255 242  77 254 255 255 237  57  30  93 214 236 198  40 242 255
255 173 156 255 255 245  69 167 185  81  70 100  92  57 173 255
255 134 200 255 255 170 143 240 253 212  35 127 102  73 134 255
255 134 201 255 255 170 143 240 253 212  35 127 101  73 134 255
255 173 156 255 255 244  69 168 185  81  70  97  92  57 173 255
255 242  77 254 255 255 237  53  31  92 211 236 195  40 242 255
255 255 135 161 255 255 255  82  62 182 237 236 150 135 255 255
255 255 252  92 161 254 255  83  61 193 236 151  92 252 255 255
255 255 255 252 135  77 157  64  48  91  73 135 252 255 255 255
255 255 255 255 255 242 173 134 133 173 242 255 255 255 255 255
255 255 255 255 255 255 255 255 255 255 255 255 255 255 255 255
